&title=Area Chart,{font-size:30px}&
&x_label_style=10,#9933CC,2&
&y_legend=Open Flash Chart,12,#736AFF&
&y_ticks=5,10,4&
&area_hollow=2,3,25,#CC3399&
&values=0,0.37747172851062,0.73989485038644,1.0728206994506,1.3629765727091,1.598794871135,1.7708742633377,1.8723544869781,1.8991898457789,1.8503104986686,1.7276651109688,1.5361431672572,1.2833800430472,0.97945260646078,0.63647748529622,0.26812801531375,-0.1109108725124,-0.48552809385098,-0.84078884226022,-1.1625299927912,-1.4379247410851,-1.6559939675858,-1.8080439403901,-1.8880129069036,-1.8927127567881,-1.82195612186,-1.6785638458683,-1.4682525263564,-1.1994066119574,-0.88274414088613&
&x_labels=0.00,0.38,0.74,1.07,1.36,1.60,1.77,1.87,1.90,1.85,1.73,1.54,1.28,0.98,0.64,0.27,-0.11,-0.49,-0.84,-1.16,-1.44,-1.66,-1.81,-1.89,-1.89,-1.82,-1.68,-1.47,-1.20,-0.88&
&y_min=-2&
&y_max=2&

